Kennzahlen des gegebenen ÖPNV-Netzes:
SNV: 3.77292154233494
BTA: 3.72499999999999
VSM: 33.6804552380952
