Kennzahlen des gegebenen ÖPNV-Netzes:
SNV: 2.60822516405346
BTA: 4.775
VSM: 84.1851755555555
