Kennzahlen des gegebenen ÖPNV-Netzes:
SNV: 2.3518024971482
BTA: 4.825
VSM: 62.4285714285714
