Kennzahlen des gegebenen ÖPNV-Netzes:
SNV: 3.98355063250783
BTA: 3.72499999999999
VSM: 166.382333333333
