Kennzahlen des gegebenen ÖPNV-Netzes:
SNV: 2.4731638107418
BTA: 7.32500000000004
VSM: 17.66666
