Kennzahlen des gegebenen ÖPNV-Netzes:
SNV: 2.30884121704577
BTA: 4.8
VSM: 60.205875
