Kennzahlen des gegebenen ÖPNV-Netzes:
SNV: 1.87136200359208
BTA: 11.3750000000001
VSM: 4.930555
