Kennzahlen des gegebenen ÖPNV-Netzes:
SNV: 2.73673708952025
BTA: 4.775
VSM: 78.58586
