Kennzahlen des gegebenen ÖPNV-Netzes:
SNV: 2.36881310426165
BTA: 4.8
VSM: 53.166676
