Kennzahlen des gegebenen ÖPNV-Netzes:
SNV: 3.55984480066882
BTA: 6.97500000000003
VSM: 33.0668409090909
