Kennzahlen des gegebenen ÖPNV-Netzes:
SNV: 1.67251350987819
BTA: 11.3500000000001
VSM: 7.25
