Kennzahlen des gegebenen ÖPNV-Netzes:
SNV: 3.84049756812533
BTA: 3.77499999999999
VSM: 184.86114
