Kennzahlen des gegebenen ÖPNV-Netzes:
SNV: 3.8269272784682
BTA: 3.72499999999999
VSM: 331.833333333333
