Kennzahlen des gegebenen ÖPNV-Netzes:
SNV: 2.49709345901054
BTA: 4.75
VSM: 34.8022030769231
