Kennzahlen des gegebenen ÖPNV-Netzes:
SNV: 4.81064344822334
BTA: 3.77499999999999
VSM: 108.61364
