Kennzahlen des gegebenen ÖPNV-Netzes:
SNV: 4.21525206429239
BTA: 3.72499999999999
VSM: 162.29546
