Kennzahlen des gegebenen ÖPNV-Netzes:
SNV: 1.8296420948237
BTA: 11.4750000000001
VSM: 13.5
