Kennzahlen des gegebenen ÖPNV-Netzes:
SNV: 1.87680370644635
BTA: 9.30000000000006
VSM: 15.28572
