Kennzahlen des gegebenen ÖPNV-Netzes:
SNV: 2.49904947894776
BTA: 4.775
VSM: 83.32144
