Kennzahlen des gegebenen ÖPNV-Netzes:
SNV: 3.67440724639272
BTA: 3.72499999999999
VSM: 117.571451428571
