Kennzahlen des gegebenen ÖPNV-Netzes:
SNV: 1.74049775058172
BTA: 9.52500000000007
VSM: 11.52632
