Kennzahlen des gegebenen ÖPNV-Netzes:
SNV: 4.36510248246758
BTA: 3.77499999999999
VSM: 72.0784223529412
