Kennzahlen des gegebenen ÖPNV-Netzes:
SNV: 2.46141078123646
BTA: 9.50000000000007
VSM: 22.0403666666667
