Kennzahlen des gegebenen ÖPNV-Netzes:
SNV: 3.99642555262409
BTA: 3.72499999999999
VSM: 54.4786045454546
