Kennzahlen des gegebenen ÖPNV-Netzes:
SNV: 1.80662345016071
BTA: 11.8750000000001
VSM: 17.66666
