Kennzahlen des gegebenen ÖPNV-Netzes:
SNV: 1.56798497714674
BTA: 11.4750000000001
VSM: 4.70370666666667
