Kennzahlen des gegebenen ÖPNV-Netzes:
SNV: 2.43138050449553
BTA: 4.75
VSM: 88.160725
