Kennzahlen des gegebenen ÖPNV-Netzes:
SNV: 4.05200368131283
BTA: 3.77499999999999
VSM: 352.76926
