Kennzahlen des gegebenen ÖPNV-Netzes:
SNV: 2.27148149967887
BTA: 4.8
VSM: 65.0714285714286
