Kennzahlen des gegebenen ÖPNV-Netzes:
SNV: 2.38951855832652
BTA: 4.775
VSM: 55.28572
