Kennzahlen des gegebenen ÖPNV-Netzes:
SNV: 2.3597339970923
BTA: 4.8
VSM: 20.0537658064516
