Kennzahlen des gegebenen ÖPNV-Netzes:
SNV: 3.94560980454923
BTA: 3.72499999999999
VSM: 171.642857142857
