Kennzahlen des gegebenen ÖPNV-Netzes:
SNV: 3.93457390509347
BTA: 3.72499999999999
VSM: 34.7823180952381
