Kennzahlen des gegebenen ÖPNV-Netzes:
SNV: 2.23599422498896
BTA: 4.75
VSM: 28.8325381818182
