Kennzahlen des gegebenen ÖPNV-Netzes:
SNV: 2.63308662735119
BTA: 7.17500000000003
VSM: 23.6102586666667
