Kennzahlen des gegebenen ÖPNV-Netzes:
SNV: 2.43680661732012
BTA: 9.40000000000007
VSM: 14.7992429166667
