Kennzahlen des gegebenen ÖPNV-Netzes:
SNV: 4.12374128371737
BTA: 3.72499999999999
VSM: 110.33332
