Kennzahlen des gegebenen ÖPNV-Netzes:
SNV: 4.36154045188942
BTA: 3.77499999999999
VSM: 421.636375
