Kennzahlen des gegebenen ÖPNV-Netzes:
SNV: 3.99005318903569
BTA: 3.72499999999999
VSM: 85.7500125
