Kennzahlen des gegebenen ÖPNV-Netzes:
SNV: 3.95515715346322
BTA: 3.77499999999999
VSM: 86.5
