Kennzahlen des gegebenen ÖPNV-Netzes:
SNV: 3.19796093333785
BTA: 7.22500000000004
VSM: 27.6606673684211
