Kennzahlen des gegebenen ÖPNV-Netzes:
SNV: 1.91434890979929
BTA: 9.55000000000007
VSM: 8.14286
