Kennzahlen des gegebenen ÖPNV-Netzes:
SNV: 3.58773694830788
BTA: 3.72499999999999
VSM: 33.7861690566038
