Kennzahlen des gegebenen ÖPNV-Netzes:
SNV: 2.50668983672982
BTA: 4.825
VSM: 50.746158
