Kennzahlen des gegebenen ÖPNV-Netzes:
SNV: 1.79443343699034
BTA: 9.55000000000007
VSM: 7.875
