Kennzahlen des gegebenen ÖPNV-Netzes:
SNV: 4.19275378763486
BTA: 3.77499999999999
VSM: 208.133312
