Kennzahlen des gegebenen ÖPNV-Netzes:
SNV: 2.18939897309006
BTA: 7.20000000000003
VSM: 8.69231
