Kennzahlen des gegebenen ÖPNV-Netzes:
SNV: 2.37126147540868
BTA: 4.875
VSM: 76.7222222222222
