Kennzahlen des gegebenen ÖPNV-Netzes:
SNV: 2.3500807753833
BTA: 4.825
VSM: 54.1457538461539
