Kennzahlen des gegebenen ÖPNV-Netzes:
SNV: 5.06441622766204
BTA: 3.72499999999999
VSM: 52.8703725925926
