Kennzahlen des gegebenen ÖPNV-Netzes:
SNV: 1.66652456837204
BTA: 11.7250000000001
VSM: 12.7647
