Kennzahlen des gegebenen ÖPNV-Netzes:
SNV: 1.76906182194376
BTA: 9.17500000000006
VSM: 6.968325
