Kennzahlen des gegebenen ÖPNV-Netzes:
SNV: 1.86372975423073
BTA: 11.5250000000001
VSM: 8.69231
