Kennzahlen des gegebenen ÖPNV-Netzes:
SNV: 3.09868285478806
BTA: 7.25000000000004
VSM: 22.3917775757576
