Kennzahlen des gegebenen ÖPNV-Netzes:
SNV: 2.59497516850626
BTA: 7.15000000000003
VSM: 14.992155
