Kennzahlen des gegebenen ÖPNV-Netzes:
SNV: 4.55705592899344
BTA: 3.77499999999999
VSM: 270.25003
