Kennzahlen des gegebenen ÖPNV-Netzes:
SNV: 1.77803312479359
BTA: 11.4000000000001
VSM: 8.94743666666667
