Kennzahlen des gegebenen ÖPNV-Netzes:
SNV: 3.78786711999457
BTA: 3.72499999999999
VSM: 29.0909045454545
