Kennzahlen des gegebenen ÖPNV-Netzes:
SNV: 4.03769793146435
BTA: 3.72499999999999
VSM: 99.4791575
