Kennzahlen des gegebenen ÖPNV-Netzes:
SNV: 3.92469324192806
BTA: 3.77499999999999
VSM: 192.833333333333
