Kennzahlen des gegebenen ÖPNV-Netzes:
SNV: 2.36950769004776
BTA: 4.775
VSM: 62.8128711111111
