Kennzahlen des gegebenen ÖPNV-Netzes:
SNV: 4.45032687305357
BTA: 3.77499999999999
VSM: 69.6517925
