Kennzahlen des gegebenen ÖPNV-Netzes:
SNV: 4.13727094889545
BTA: 3.72499999999999
VSM: 101.2745
