Kennzahlen des gegebenen ÖPNV-Netzes:
SNV: 1.93937114651127
BTA: 9.22500000000006
VSM: 17.66666
