Kennzahlen des gegebenen ÖPNV-Netzes:
SNV: 2.99883377974153
BTA: 7.55000000000004
VSM: 24.791672
