Kennzahlen des gegebenen ÖPNV-Netzes:
SNV: 3.69934124218781
BTA: 3.72499999999999
VSM: 30.5040475471698
