Kennzahlen des gegebenen ÖPNV-Netzes:
SNV: 3.69058912821707
BTA: 3.72499999999999
VSM: 28.1777733333333
