Kennzahlen des gegebenen ÖPNV-Netzes:
SNV: 2.46193013963488
BTA: 7.22500000000004
VSM: 21.3783756756757
