Kennzahlen des gegebenen ÖPNV-Netzes:
SNV: 2.69683526762276
BTA: 4.75
VSM: 258.848493333333
