Kennzahlen des gegebenen ÖPNV-Netzes:
SNV: 2.04643717104495
BTA: 9.17500000000006
VSM: 19.18182
