Kennzahlen des gegebenen ÖPNV-Netzes:
SNV: 1.78718532731154
BTA: 11.5500000000001
VSM: 15.28572
