Kennzahlen des gegebenen ÖPNV-Netzes:
SNV: 2.29762523434865
BTA: 4.85
VSM: 33.8288727272727
