Kennzahlen des gegebenen ÖPNV-Netzes:
SNV: 2.16196734132028
BTA: 9.37500000000007
VSM: 17.89583125
