Kennzahlen des gegebenen ÖPNV-Netzes:
SNV: 3.93791602939554
BTA: 3.72499999999999
VSM: 29.8759641860465
