Kennzahlen des gegebenen ÖPNV-Netzes:
SNV: 3.8029115135768
BTA: 3.72499999999999
VSM: 36.5907869565217
