Kennzahlen des gegebenen ÖPNV-Netzes:
SNV: 3.87918254201596
BTA: 3.72499999999999
VSM: 32.081971147541
