Kennzahlen des gegebenen ÖPNV-Netzes:
SNV: 1.79562771143459
BTA: 11.2250000000001
VSM: 6.12820666666667
