Kennzahlen des gegebenen ÖPNV-Netzes:
SNV: 2.21503182579452
BTA: 7.27500000000004
VSM: 12.11908
